0 5
0 0
0 7
0 2
0 9
0 4
0 3
0 6
1 15
1 10
1 18
1 12
1 14
1 13
1 16
2 24
2 19
2 26
2 21
2 28
2 23
2 22
2 25
3 34
3 29
3 36
3 31
3 38
3 33
3 32
3 35
4 44
4 39
4 46
4 41
4 48
4 43
4 42
4 45
5 54
5 49
5 56
5 51
5 58
5 53
5 52
5 55
6 64
6 59
6 66
6 61
6 68
6 63
6 62
6 65
7 74
7 69
7 77
7 71
7 73
7 72
7 75
8 78
8 85
8 80
8 82
8 81
8 84
9 91
9 86
9 93
9 88
9 95
9 90
9 89
9 92
10 101
10 96
10 104
10 98
10 100
10 99
10 102
11 110
11 105
11 112
11 107
11 114
11 109
11 108
11 111
12 115
12 122
12 117
12 119
12 118
12 121
13 128
13 123
13 130
13 125
13 132
13 127
13 126
13 129
14 138
14 133
14 140
14 135
14 142
14 137
14 136
14 139
15 148
15 143
15 150
15 145
15 152
15 147
15 146
15 149
16 158
16 153
16 160
16 155
16 162
16 157
16 156
16 159
17 168
17 163
17 170
17 165
17 172
17 167
17 166
17 169
18 74
18 69
18 77
18 71
18 73
18 72
18 75
19 178
19 173
19 180
19 175
19 182
19 177
19 176
19 179
20 188
20 183
20 190
20 185
20 192
20 187
20 186
20 189
21 198
21 193
21 200
21 195
21 202
21 197
21 196
21 199
22 208
22 203
22 210
22 205
22 212
22 207
22 206
22 209
23 218
23 213
23 220
23 215
23 222
23 217
23 216
23 219
24 228
24 223
24 230
24 225
24 232
24 227
24 226
24 229
25 238
25 233
25 240
25 235
25 242
25 237
25 236
25 239
26 248
26 243
26 250
26 245
26 252
26 247
26 246
26 249
27 258
27 253
27 260
27 255
27 262
27 257
27 256
27 259
28 268
28 263
28 270
28 265
28 272
28 267
28 266
28 269
29 278
29 273
29 280
29 275
29 282
29 277
29 276
29 279
30 288
30 283
30 258
30 285
30 291
30 287
30 286
30 289
31 297
31 292
31 299
31 294
31 301
31 296
31 295
31 298
32 307
32 302
32 310
32 304
32 306
32 305
32 308
33 315
33 311
33 317
33 312
33 319
33 314
33 313
33 316
34 323
34 293
34 325
34 305
34 327
34 322
34 321
34 324
35 333
35 328
35 335
35 330
35 337
35 332
35 331
35 334
36 343
36 338
36 345
36 340
36 347
36 342
36 341
36 344
37 353
37 348
37 355
37 350
37 357
37 352
37 351
37 354
38 363
38 358
38 365
38 360
38 367
38 362
38 361
38 364
39 373
39 368
39 375
39 370
39 377
39 372
39 371
39 374
40 383
40 378
40 385
40 380
40 387
40 382
40 381
40 384
41 393
41 388
41 396
41 390
41 392
41 391
41 394
42 402
42 397
42 404
42 399
42 406
42 401
42 400
42 403
43 412
43 407
43 414
43 409
43 416
43 411
43 410
43 413
44 422
44 417
44 424
44 419
44 426
44 421
44 420
44 423
45 432
45 427
45 434
45 429
45 436
45 431
45 430
45 433
46 442
46 437
46 444
46 439
46 446
46 441
46 440
46 443
47 452
47 447
47 454
47 449
47 456
47 451
47 450
47 453
48 462
48 457
48 464
48 459
48 466
48 461
48 460
48 463
49 472
49 467
49 474
49 469
49 476
49 471
49 470
49 473
50 482
50 477
50 484
50 479
50 486
50 481
50 480
50 483
51 492
51 487
51 495
51 489
51 491
51 490
51 493
52 501
52 496
52 503
52 498
52 505
52 500
52 499
52 502
53 510
53 506
53 512
53 508
53 514
53 335
53 509
53 511
54 520
54 515
54 522
54 517
54 524
54 519
54 518
54 521
55 530
55 525
55 532
55 527
55 534
55 529
55 528
55 531
56 540
56 535
56 542
56 537
56 544
56 539
56 538
56 541
57 550
57 545
57 552
57 547
57 509
57 549
57 548
57 551
58 30
58 554
58 559
58 556
58 561
58 557
58 31
58 558
59 567
59 562
59 569
59 564
59 571
59 566
59 565
59 568
60 577
60 572
60 579
60 574
60 581
60 576
60 575
60 578
61 582
61 589
61 584
61 586
61 585
61 588
62 595
62 590
62 597
62 592
62 599
62 594
62 593
62 596
63 605
63 600
63 607
63 602
63 609
63 604
63 603
63 606
64 614
64 611
64 613
64 612
65 620
65 615
65 623
65 617
65 619
65 618
65 621
66 629
66 624
66 631
66 626
66 633
66 628
66 627
66 630
67 639
67 634
67 641
67 636
67 643
67 638
67 637
67 640
68 649
68 644
68 652
68 646
68 648
68 647
68 650
69 658
69 653
69 660
69 655
69 662
69 657
69 656
69 659
70 663
70 670
70 665
70 667
70 666
70 669
71 676
71 671
71 678
71 673
71 680
71 675
71 674
71 677
72 686
72 681
72 688
72 683
72 690
72 685
72 684
72 687
73 696
73 691
73 698
73 693
73 700
73 695
73 694
73 697
74 706
74 701
74 708
74 703
74 710
74 705
74 704
74 707
75 716
75 711
75 718
75 713
75 720
75 715
75 714
75 717
76 726
76 721
76 728
76 723
76 730
76 725
76 724
76 727
77 731
77 737
77 733
77 735
77 734
77 610
78 743
78 738
78 746
78 740
78 742
78 741
78 744
79 752
79 747
79 754
79 749
79 756
79 751
79 750
79 753
80 760
80 757
80 762
80 494
80 764
80 759
80 758
80 761
81 770
81 765
81 772
81 767
81 774
81 769
81 768
81 771
82 780
82 775
82 782
82 777
82 784
82 779
82 778
82 781
83 790
83 785
83 792
83 787
83 794
83 789
83 788
83 791
84 800
84 795
84 802
84 797
84 804
84 799
84 798
84 801
85 31
85 560
85 555
85 805
85 807
85 558
85 806
85 30
86 813
86 808
86 815
86 810
86 817
86 812
86 811
86 814
87 823
87 818
87 825
87 820
87 827
87 822
87 821
87 824
88 833
88 828
88 835
88 830
88 837
88 832
88 831
88 834
89 843
89 838
89 845
89 840
89 847
89 842
89 841
89 844
90 853
90 848
90 855
90 850
90 857
90 852
90 851
90 854
91 863
91 858
91 865
91 860
91 867
91 862
91 861
91 864
92 873
92 868
92 875
92 870
92 877
92 872
92 871
92 874
93 883
93 878
93 885
93 880
93 887
93 882
93 881
93 884
94 893
94 888
94 895
94 890
94 897
94 892
94 891
94 894
95 903
95 898
95 905
95 900
95 907
95 902
95 901
95 904
96 912
96 908
96 914
96 910
96 903
96 911
96 40
96 913
97 921
97 916
97 923
97 918
97 925
97 920
97 919
97 922
98 931
98 926
98 933
98 928
98 935
98 930
98 929
98 932
99 940
99 936
99 942
99 937
99 944
99 939
99 938
99 941
100 950
100 945
100 953
100 947
100 949
100 948
100 951
101 958
101 954
101 960
101 956
101 962
101 957
101 543
101 959
102 968
102 963
102 970
102 965
102 972
102 967
102 966
102 969
103 977
103 973
103 979
103 975
103 981
103 976
103 8
103 978
104 982
104 989
104 984
104 986
104 985
104 988
105 995
105 990
105 998
105 992
105 994
105 993
105 996
106 1004
106 999
106 1006
106 1001
106 14
106 1003
106 1002
106 1005
107 1013
107 1008
107 1015
107 1010
107 1017
107 1012
107 1011
107 1014
108 1023
108 1018
108 1025
108 1020
108 1027
108 1022
108 1021
108 1024
109 1033
109 1028
109 1036
109 1030
109 1032
109 1031
109 1034
110 1042
110 1037
110 1045
110 1039
110 1041
110 1040
110 1043
111 1051
111 1046
111 1053
111 1048
111 1055
111 1050
111 1049
111 1052
112 1061
112 1056
112 1063
112 1058
112 1065
112 1060
112 1059
112 1062
113 1071
113 1066
113 1074
113 1068
113 1070
113 1069
113 1072
114 1080
114 1075
114 1083
114 1077
114 1079
114 1078
114 1081
115 1089
115 1084
115 1091
115 1086
115 1093
115 1088
115 1087
115 1090
116 1099
116 1094
116 1102
116 1096
116 1098
116 1097
116 1100
117 1108
117 1103
117 1110
117 1105
117 1112
117 1107
117 1106
117 1109
118 1118
118 1113
118 1120
118 1115
118 1122
118 1117
118 1116
118 1119
119 1128
119 1123
119 1130
119 1125
119 1131
119 1127
119 1126
119 1129
120 1137
120 1132
120 1139
120 1134
120 1141
120 1136
120 1135
120 1138
121 1147
121 1142
121 1149
121 1144
121 1151
121 1146
121 1145
121 1148
122 1157
122 1152
122 1159
122 1154
122 1161
122 1156
122 1155
122 1158
123 1167
123 1162
123 1169
123 1164
123 1171
123 1166
123 1165
123 1168
124 1177
124 1172
124 1179
124 1174
124 1181
124 1176
124 1175
124 1178
125 1186
125 276
125 1188
125 1183
125 1190
125 1185
125 1184
125 1187
126 1196
126 1191
126 1198
126 1193
126 1200
126 1195
126 1194
126 1197
127 1206
127 1201
127 1208
127 1203
127 1210
127 1205
127 1204
127 1207
128 1216
128 1211
128 1219
128 1213
128 1215
128 1214
128 1217
129 1224
129 1220
129 1227
129 1222
129 839
129 1223
129 1225
130 1233
130 1228
130 1235
130 1230
130 1237
130 1232
130 1231
130 1234
131 1243
131 1238
131 1245
131 1240
131 1247
131 1242
131 1241
131 1244
132 1253
132 1248
132 1255
132 1250
132 1257
132 1252
132 1251
132 1254
133 1262
133 1258
133 1264
133 1260
133 1266
133 656
133 1261
133 1263
134 1267
134 1274
134 1269
134 1271
134 1270
134 1273
135 1278
135 658
135 1280
135 1275
135 1192
135 1277
135 1276
135 1279
136 1286
136 1282
136 1289
136 1283
136 1285
136 1284
136 1287
137 1295
137 1290
137 663
137 1292
137 1297
137 1294
137 1293
137 942
138 1298
138 1305
138 1300
138 1302
138 1301
138 1304
139 1311
139 1306
139 1313
139 1308
139 1315
139 1310
139 1309
139 1312
140 1321
140 1316
140 1324
140 1318
140 1320
140 1319
140 1322
141 1330
141 1325
141 1333
141 1327
141 1329
141 1328
141 1331
142 1334
142 1340
142 1336
142 1338
142 1337
142 1339
143 1345
143 1341
143 1348
143 1343
143 1344
143 1114
143 1346
144 1353
144 1351
144 1352
144 10
144 1354
145 1360
145 1355
145 1362
145 1357
145 1364
145 1359
145 1358
145 1361
146 1369
146 1365
146 1372
146 308
146 1368
146 1367
146 1370
147 1378
147 1373
147 1380
147 1375
147 1382
147 1377
147 1376
147 1379
148 1387
148 1385
148 1382
148 1386
148 1388
149 1393
149 1389
149 1395
149 1390
149 1397
149 1392
149 1391
149 1394
150 1267
150 78
150 1402
150 82
150 83
150 1400
150 1399
150 1401
151 1409
151 1404
151 1410
151 1406
151 1412
151 1408
151 1407
151 1330
152 1418
152 1413
152 1421
152 1415
152 1417
152 1416
152 1419
153 1427
153 1422
153 1429
153 1424
153 1431
153 1426
153 1425
153 1428
154 1437
154 1432
154 1439
154 1434
154 1441
154 1436
154 1435
154 1438
155 1447
155 1442
155 1449
155 1444
155 1451
155 1446
155 1445
155 1448
156 1457
156 1452
156 1459
156 1454
156 1461
156 1456
156 1455
156 1458
157 1467
157 1462
157 1469
157 1464
157 1471
157 1466
157 1465
157 1468
158 1473
158 613
159 1479
159 1474
159 1481
159 1476
159 1483
159 1478
159 1477
159 1480
160 1484
160 1489
160 585
160 1486
160 586
160 1488
161 1495
161 1490
161 1497
161 1492
161 1499
161 1494
161 1493
161 1496
162 1505
162 1500
162 1507
162 1502
162 1509
162 1504
162 1503
162 1506
163 1515
163 1510
163 1517
163 1512
163 1519
163 1514
163 1513
163 1516
164 1525
164 1520
164 1527
164 1522
164 1529
164 1524
164 1523
164 1526
165 1535
165 1530
165 1537
165 1532
165 1539
165 1534
165 1533
165 1536
166 1545
166 1540
166 1547
166 1542
166 1549
166 1544
166 1543
166 1546
167 1555
167 1550
167 1557
167 1552
167 1559
167 1554
167 1553
167 1556
168 175
168 1560
168 1565
168 1562
168 1567
168 1563
168 1034
168 1564
169 1573
169 1568
169 1575
169 1570
169 1577
169 1572
169 1571
169 1574
170 1583
170 1578
170 1585
170 1580
170 1587
170 1582
170 1581
170 1584
171 1593
171 1588
171 1595
171 1590
171 1597
171 1592
171 1591
171 1594
172 1603
172 1598
172 1605
172 1600
172 1607
172 1602
172 1601
172 1604
173 1610
173 585
173 1611
173 1608
173 1101
173 1609
173 1488
174 1617
174 1612
174 1619
174 1614
174 1621
174 1616
174 1615
174 1618
175 1627
175 1622
175 1629
175 1624
175 1631
175 1626
175 1625
175 1628
176 1637
176 1632
176 1639
176 1634
176 1641
176 1636
176 1635
176 1638
177 1647
177 1642
177 1649
177 1644
177 1651
177 1646
177 1645
177 1648
178 1656
178 181
178 1658
178 1653
178 182
178 1655
178 1654
178 1657
179 1665
179 1660
179 1667
179 1662
179 1669
179 1664
179 1663
179 1666
180 1675
180 1670
180 1677
180 1672
180 1679
180 1674
180 1673
180 1676
181 1685
181 1680
181 1687
181 1682
181 1689
181 1684
181 1683
181 1686
182 1695
182 1690
182 1697
182 1692
182 1699
182 1694
182 1693
182 1696
183 1705
183 1700
183 1707
183 1702
183 1709
183 1704
183 1703
183 1706
184 1715
184 1710
184 1717
184 1712
184 1719
184 1714
184 1713
184 1716
185 1725
185 1720
185 1727
185 1722
185 1729
185 1724
185 1723
185 1726
186 1735
186 1730
186 1737
186 1732
186 1739
186 1734
186 1733
186 1736
187 1745
187 1740
187 1747
187 1742
187 1749
187 1744
187 1743
187 1746
188 1755
188 1750
188 1757
188 1752
188 1759
188 1754
188 1753
188 1756
189 1760
190 1766
190 1762
190 1768
190 1764
190 1770
190 1765
190 83
190 1767
191 1776
191 1771
191 1778
191 1773
191 1780
191 1775
191 1774
191 1777
192 1786
192 1781
192 1788
192 1783
192 1790
192 1785
192 1784
192 1787
193 1796
193 1791
193 1798
193 1793
193 1800
193 1795
193 1794
193 1797
194 1806
194 1801
194 1808
194 1803
194 1810
194 1805
194 1804
194 1807
195 1052
195 1046
195 1398
195 1047
195 1812
195 1051
195 1053
195 1054
196 961
196 1813
196 1819
196 1815
196 1821
196 1817
196 1816
196 1818
197 1827
197 1822
197 1829
197 1824
197 1831
197 1826
197 1825
197 1828
198 1836
198 1832
198 1838
198 1834
198 1840
198 1760
198 1835
198 1837
199 1846
199 1841
199 1848
199 1843
199 1850
199 1845
199 1844
199 1847
200 1855
200 1851
200 1857
200 1853
200 1859
200 1854
200 78
200 1856
201 1865
201 1860
201 1867
201 1862
201 1869
201 1864
201 1863
201 1866
202 1058
202 1870
202 1876
202 1872
202 1878
202 1874
202 1873
202 1875
203 1884
203 1879
203 1886
203 1881
203 1888
203 1883
203 1882
203 1885
204 1894
204 1889
204 1896
204 1891
204 1898
204 1893
204 1892
204 1895
205 1904
205 1899
205 1906
205 1901
205 1908
205 1903
205 1902
205 1905
206 1914
206 1909
206 1916
206 1911
206 1918
206 1913
206 1912
206 1915
207 1924
207 1919
207 1927
207 1921
207 1923
207 1922
207 1925
208 1933
208 1928
208 1935
208 1930
208 1937
208 1932
208 1931
208 1934
209 1943
209 1938
209 1945
209 1940
209 1947
209 1942
209 1941
209 1944
210 1953
210 1948
210 1955
210 1950
210 1957
210 1952
210 1951
210 1954
211 1963
211 1958
211 1965
211 1960
211 1967
211 1962
211 1961
211 1964
212 796
212 494
212 1761
212 610
212 612
212 1970
213 1976
213 1971
213 1978
213 1973
213 1980
213 1975
213 1974
213 1977
214 1986
214 1981
214 1988
214 1983
214 1990
214 1985
214 1984
214 1987
215 1996
215 1991
215 1998
215 1993
215 2000
215 1995
215 1994
215 1997
216 2006
216 2001
216 2008
216 2003
216 2010
216 2005
216 2004
216 2007
217 2016
217 2011
217 2017
217 2013
217 2019
217 2015
217 2014
217 466
218 2025
218 2020
218 2027
218 2022
218 2029
218 2024
218 2023
218 2026
219 2033
219 2030
219 2035
219 1273
219 2037
219 2032
219 2031
219 2034
220 2043
220 2038
220 2045
220 2040
220 2047
220 2042
220 2041
220 2044
221 2053
221 2048
221 2055
221 2050
221 2057
221 2052
221 2051
221 2054
222 436
222 2058
222 2064
222 2060
222 2066
222 2062
222 2061
222 2063
223 116
223 2067
223 2070
223 1410
223 1407
223 2068
223 82
224 2076
224 2071
224 2078
224 2073
224 2080
224 2075
224 2074
224 2077
225 2085
225 2081
225 1076
225 906
225 2084
225 2083
225 2086
226 2093
226 2088
226 2095
226 2090
226 2097
226 2092
226 2091
226 2094
227 2103
227 2098
227 2105
227 2100
227 2107
227 2102
227 2101
227 2104
228 2113
228 2108
228 2115
228 2110
228 2117
228 2112
228 2111
228 2114
229 2123
229 2118
229 2125
229 2120
229 2126
229 2122
229 2121
229 2124
230 2127
230 1048
230 2129
230 1046
230 2130
230 1051
230 1050
230 2128
231 2136
231 2131
231 2138
231 2133
231 2140
231 2135
231 2134
231 2137
232 2145
232 2141
232 2147
232 2143
232 2149
232 2144
232 1742
232 2146
233 2155
233 2150
233 2157
233 2152
233 2159
233 2154
233 2153
233 2156
234 2164
234 259
234 2166
234 2161
234 2167
234 2163
234 2162
234 2165
235 2173
235 2168
235 2175
235 2170
235 2177
235 2172
235 2171
235 2174
236 2183
236 2178
236 2185
236 2180
236 2187
236 2182
236 2181
236 2184
237 2193
237 2188
237 2195
237 2190
237 2197
237 2192
237 2191
237 2194
238 2203
238 2198
238 2206
238 2200
238 2202
238 2201
238 2204
239 2207
239 2213
239 2208
239 2210
239 2209
239 2212
240 2214
240 2221
240 2216
240 2218
240 2217
240 2220
241 2222
241 2229
241 2224
241 2226
241 2225
241 2228
242 2235
242 2230
242 2237
242 2232
242 2239
242 2234
242 2233
242 2236
243 2244
243 1267
243 2246
243 2241
243 2248
243 2243
243 2242
243 2245
244 2254
244 2249
244 2256
244 2251
244 2258
244 2253
244 2252
244 2255
245 2264
245 2259
245 2266
245 2261
245 2268
245 2263
245 2262
245 2265
246 2273
246 656
246 2275
246 2270
246 2277
246 2272
246 2271
246 2274
247 2282
247 2278
247 2284
247 312
247 2286
247 2281
247 2280
247 2283
248 2287
248 2294
248 2289
248 2291
248 2290
248 2293
249 2300
249 2295
249 2302
249 2297
249 2304
249 2299
249 2298
249 2301
250 2310
250 2305
250 175
250 2307
250 2309
250 2308
250 2311
251 2318
251 2313
251 2320
251 2315
251 2322
251 2317
251 2316
251 2319
252 2328
252 2323
252 2330
252 2325
252 2332
252 2327
252 2326
252 2329
253 2338
253 2333
253 2340
253 2335
253 2342
253 2337
253 2336
253 2339
254 2347
254 2343
254 2350
254 2344
254 2346
254 2345
254 2348
255 2356
255 2351
255 2358
255 2353
255 2360
255 2355
255 2354
255 2357
256 2365
256 2361
256 2367
256 2363
256 2364
256 2160
256 2062
257 2373
257 2368
257 2375
257 2370
257 2377
257 2372
257 2371
257 2374
258 2383
258 2378
258 85
258 2380
258 2386
258 2382
258 2381
258 2384
259 2391
259 2387
259 2393
259 2388
259 2395
259 2390
259 2389
259 2392
260 2401
260 2396
260 2403
260 2398
260 2404
260 2400
260 2399
260 2402
261 2410
261 2405
261 2412
261 2407
261 2409
261 2408
261 1840
262 2417
262 612
262 2420
262 2414
262 2416
262 2415
262 2418
263 2426
263 2421
263 2428
263 2423
263 2430
263 2425
263 2424
263 2427
264 2436
264 2431
264 2438
264 2433
264 2440
264 2435
264 2434
264 2437
265 2441
265 2448
265 2443
265 2445
265 2444
265 2447
266 2452
266 610
266 2449
266 2451
267 2458
267 2453
267 2460
267 2455
267 2462
267 2457
267 2456
267 2459
268 1399
268 82
268 1400
268 83
268 2464
268 1398
268 1401
268 1402
269 2469
269 2465
269 2471
269 2467
269 2473
269 328
269 2468
269 2470
270 2477
270 2405
270 2479
270 466
270 2481
270 2476
270 2475
270 2478
271 2487
271 2482
271 2489
271 2484
271 2491
271 2486
271 2485
271 2488
272 2495
272 2492
272 2497
272 2494
272 2499
272 1340
272 612
272 2496
273 2505
273 2500
273 2507
273 2502
273 2509
273 2504
273 2503
273 2506
274 2515
274 2510
274 2517
274 2512
274 2519
274 2514
274 2513
274 2516
275 2523
275 10
275 2522
275 2521
276 2528
276 2524
276 2530
276 2526
276 2532
276 83
276 2527
276 2529
277 2538
277 2533
277 2541
277 2535
277 2537
277 2536
277 2539
278 2547
278 2542
278 2172
278 2544
278 2550
278 2546
278 2545
278 2548
279 2556
279 2551
279 2557
279 2553
279 2559
279 2555
279 2554
279 82
280 2565
280 2560
280 2567
280 2562
280 2569
280 2564
280 2563
280 2566
281 2574
281 2570
281 2576
281 2009
281 2573
281 2572
281 2575
282 2582
282 2577
282 2583
282 2579
282 2585
282 2581
282 2580
282 1007
283 2590
283 1623
283 2592
283 2587
283 2594
283 2589
283 2588
283 2591
284 2600
284 2595
284 2603
284 2597
284 2599
284 2598
284 2601
285 2609
285 2604
285 2611
285 2606
285 2613
285 2608
285 2607
285 2610
286 2619
286 2614
286 2621
286 2616
286 2623
286 2618
286 2617
286 2620
287 2629
287 2624
287 2631
287 2626
287 2633
287 2628
287 2627
287 2630
288 2639
288 2634
288 2641
288 2636
288 2643
288 2638
288 2637
288 2640
289 2648
289 2644
289 2650
289 2645
289 2651
289 2647
289 2646
289 2649
290 2657
290 2652
290 2659
290 2654
290 2661
290 2656
290 2655
290 2658
291 2666
291 2662
291 2668
291 2664
291 2670
291 2665
291 612
291 2667
292 2676
292 2671
292 1996
292 2673
292 2679
292 2675
292 2674
292 2677
293 2685
293 2680
293 2687
293 2682
293 2689
293 2684
293 2683
293 2686
294 2695
294 2690
294 2697
294 2692
294 2699
294 2694
294 2693
294 2696
295 2704
295 2700
295 2707
295 2701
295 2703
295 2702
295 2705
296 2713
296 2708
296 2715
296 2710
296 2712
296 2711
296 83
297 2721
297 2716
297 2723
297 2718
297 2725
297 2720
297 2719
297 2722
298 2730
298 2727
298 2729
298 2728
298 2731
299 2737
299 2732
299 2740
299 2734
299 2736
299 2735
299 2738
300 2746
300 2741
300 2748
300 2743
300 2750
300 2745
300 2744
300 2747
301 2754
301 2752
301 2751
301 2753
302 2760
302 2757
302 2759
302 2758
302 2761
303 2767
303 2762
303 2769
303 2764
303 2771
303 2766
303 2765
303 2768
304 2776
304 2772
304 2778
304 1536
304 2780
304 2775
304 2774
304 2777
305 2786
305 2781
305 2788
305 2783
305 2785
305 2784
305 1843
306 2794
306 2789
306 2796
306 2791
306 2798
306 2793
306 2792
306 2795
307 2803
307 2799
307 2804
307 2801
307 2806
307 2802
307 974
307 981
308 2808
308 494
308 2807
308 610
308 2809
309 2814
309 1353
309 2816
309 2811
309 2818
309 2813
309 2812
309 2815
310 2824
310 2819
310 2826
310 2821
310 2828
310 2823
310 2822
310 2825
311 2834
311 2829
311 2837
311 2831
311 2833
311 2832
311 2835
312 2843
312 2838
312 2845
312 2840
312 2847
312 2842
312 2841
312 2844
313 2853
313 2848
313 2855
313 2850
313 2857
313 2852
313 2851
313 2854
314 2861
314 1352
314 2863
314 2858
314 2860
314 2859
314 2862
315 2868
315 2864
315 2870
315 2865
315 2867
315 2866
315 1760
316 2876
316 2871
316 2878
316 2873
316 2880
316 2875
316 2874
316 2877
317 2886
317 2881
317 2888
317 2883
317 2890
317 2885
317 2884
317 2887
318 2896
318 2891
318 2898
318 2893
318 2899
318 2895
318 2894
318 2897
319 2905
319 2900
319 2907
319 2902
319 2909
319 2904
319 2903
319 2906
320 2915
320 2910
320 2917
320 2912
320 2919
320 2914
320 2913
320 2916
321 2925
321 2920
321 2926
321 2922
321 2928
321 2924
321 2923
321 703
322 2934
322 2929
322 2936
322 2931
322 2938
322 2933
322 2932
322 2935
323 2944
323 2939
323 2946
323 2941
323 2948
323 2943
323 2942
323 2945
324 2954
324 2949
324 2956
324 2951
324 2958
324 2953
324 2952
324 2955
325 2964
325 2959
325 2966
325 2961
325 2968
325 2963
325 2962
325 2965
326 2974
326 2969
326 2976
326 2971
326 2978
326 2973
326 2972
326 2975
327 2984
327 2979
327 2986
327 2981
327 2988
327 2983
327 2982
327 2985
328 2994
328 2989
328 2996
328 2991
328 2998
328 2993
328 2992
328 2995
329 3004
329 2999
329 3006
329 3001
329 3008
329 3003
329 3002
329 3005
330 3012
330 1834
330 3015
330 3010
330 572
330 3011
330 3013
331 3021
331 3016
331 3023
331 3018
331 3025
331 3020
331 3019
331 3022
332 3030
332 3026
332 3032
332 3028
332 3033
332 517
332 3029
332 3031
333 3039
333 3034
333 3041
333 3036
333 3043
333 3038
333 3037
333 3040
334 3049
334 3044
334 3051
334 3046
334 3053
334 3048
334 3047
334 3050
335 3056
335 2903
335 3058
335 2983
335 3060
335 2985
335 3055
335 3057
336 3065
336 3061
336 3067
336 3062
336 3069
336 3064
336 3063
336 3066
337 3075
337 3070
337 3077
337 3072
337 3079
337 3074
337 3073
337 3076
338 3084
338 3080
338 3086
338 3081
338 3088
338 3083
338 3082
338 3085
339 3094
339 3089
339 3096
339 3091
339 1343
339 3093
339 3092
339 3095
340 3103
340 3098
340 3105
340 3100
340 3107
340 3102
340 3101
340 3104
341 3113
341 3108
341 3116
341 3110
341 3112
341 3111
341 3114
342 3122
342 3117
342 3124
342 3119
342 3126
342 3121
342 3120
342 3123
343 1047
343 1053
343 1048
343 1049
343 1054
343 3127
343 1050
343 1051
344 3133
344 3128
344 3135
344 3130
344 3132
344 3131
344 1353
345 3141
345 3136
345 3143
345 3138
345 3145
345 3140
345 3139
345 3142
346 494
347 3151
347 3146
347 3153
347 3148
347 3155
347 3150
347 3149
347 3152
348 3116
348 3156
348 3162
348 3158
348 3164
348 3160
348 3159
348 3161
349 3170
349 3165
349 3172
349 3167
349 3174
349 3169
349 3168
349 3171
350 3180
350 3175
350 3182
350 3177
350 3184
350 3179
350 3178
350 3181
351 3190
351 3185
351 3192
351 3187
351 3194
351 3189
351 3188
351 3191
352 3200
352 3195
352 3202
352 3197
352 3204
352 3199
352 3198
352 3201
353 3210
353 3205
353 3212
353 3207
353 3214
353 3209
353 3208
353 3211
354 3219
354 3217
354 3218
354 1608
355 3225
355 3220
355 3227
355 3222
355 3229
355 3224
355 3223
355 3226
356 3234
356 3232
356 3230
356 3233
357 3240
357 3235
357 3243
357 3237
357 3239
357 3238
357 3241
358 3249
358 3244
358 3251
358 3246
358 3253
358 3248
358 3247
358 3250
359 3259
359 3254
359 3261
359 3256
359 3263
359 3258
359 3257
359 3260
360 3269
360 3264
360 3271
360 3266
360 3273
360 3268
360 3267
360 3270
361 3278
361 2214
361 3280
361 3275
361 3282
361 3277
361 3276
361 3279
362 3288
362 3283
362 3290
362 3285
362 3292
362 3287
362 3286
362 3289
363 3297
363 3293
363 3299
363 3295
363 3301
363 55
363 3296
363 3298
364 3307
364 3302
364 3309
364 3304
364 3311
364 3306
364 3305
364 3308
365 3317
365 3312
365 3319
365 3314
365 3321
365 3316
365 3315
365 3318
366 3327
366 3322
366 3329
366 3324
366 3331
366 3326
366 3325
366 3328
367 3337
367 3332
367 3339
367 3334
367 3341
367 3336
367 3335
367 3338
368 3346
368 3342
368 3348
368 3344
368 3350
368 2284
368 3345
368 3347
369 3356
369 3351
369 3358
369 3353
369 3360
369 3355
369 3354
369 3357
370 3364
370 3361
370 3366
370 3363
370 1198
370 1197
370 1199
370 3365
371 3372
371 3368
371 3374
371 3369
371 3376
371 3371
371 3370
371 3373
372 3382
372 3377
372 3384
372 3379
372 3386
372 3381
372 3380
372 3383
373 3391
373 3387
373 1978
373 3389
373 3390
373 2224
373 3392
374 3395
374 3394
374 3396
374 3205
374 3398
374 3209
374 3207
374 3210
375 3404
375 3399
375 3406
375 3401
375 3408
375 3403
375 3402
375 3405
376 3414
376 3409
376 3416
376 3411
376 3418
376 3413
376 3412
376 3415
377 3423
377 3419
377 3425
377 3421
377 3250
377 3422
377 3253
377 3424
378 3431
378 3427
378 3433
378 3429
378 3435
378 750
378 3430
378 3432
379 3440
379 348
379 3442
379 3437
379 3444
379 3439
379 3438
379 3441
380 3450
380 3445
380 3452
380 3447
380 3454
380 3449
380 3448
380 3451
381 3459
381 3455
381 3461
381 3457
381 3462
381 3353
381 3458
381 3460
382 3467
382 3463
382 3469
382 3465
382 3471
382 3466
382 1309
382 3468
383 3476
383 610
383 3479
383 3473
383 3475
383 3474
383 3477
384 3485
384 3480
384 3487
384 3482
384 3489
384 3484
384 3483
384 3486
385 3494
385 494
385 3497
385 3491
385 3493
385 3492
385 3495
386 3503
386 3498
386 3505
386 3500
386 3507
386 3502
386 3501
386 3504
387 2882
387 3508
387 3514
387 3510
387 3516
387 3512
387 3511
387 3513
388 3522
388 3517
388 3524
388 3519
388 3526
388 3521
388 3520
388 3523
389 3532
389 3527
389 3534
389 3529
389 3536
389 3531
389 3530
389 3533
390 3542
390 3537
390 3544
390 3539
390 3546
390 3541
390 3540
390 3543
391 3552
391 3547
391 3554
391 3549
391 3556
391 3551
391 3550
391 3553
392 3561
392 312
392 3563
392 3558
392 3565
392 3560
392 3559
392 3562
393 3561
393 312
393 3563
393 3558
393 3566
393 3560
393 3559
393 3562
394 3572
394 3567
394 3574
394 3569
394 3576
394 3571
394 3570
394 3573
395 3581
395 3135
395 3582
395 3578
395 3584
395 3580
395 3579
395 1079
396 3589
396 3585
396 3591
396 3587
396 3593
396 3588
396 2310
396 3590
397 3599
397 3594
397 3601
397 3596
397 3603
397 3598
397 3597
397 3600
398 3609
398 3604
398 3611
398 3606
398 3613
398 3608
398 3607
398 3610
399 3619
399 3614
399 3621
399 3616
399 3623
399 3618
399 3617
399 3620
400 3629
400 3624
400 3631
400 3626
400 3633
400 3628
400 3627
400 3630
401 3636
401 3634
401 3638
401 1398
401 3640
401 1400
401 82
401 3637
402 3646
402 3641
402 3648
402 3643
402 3650
402 3645
402 3644
402 3647
403 3656
403 3651
403 3658
403 3653
403 3660
403 3655
403 3654
403 3657
404 3666
404 3661
404 3668
404 3663
404 3670
404 3665
404 3664
404 3667
405 3676
405 3671
405 3678
405 3673
405 3680
405 3675
405 3674
405 3677
406 3685
406 590
406 3687
406 3682
406 3684
406 3683
406 592
407 3693
407 3688
407 3695
407 3690
407 3697
407 3692
407 3691
407 3694
408 3703
408 3698
408 3705
408 3700
408 3707
408 3702
408 3701
408 3704
409 3713
409 3708
409 3715
409 3710
409 3717
409 3712
409 3711
409 3714
410 3723
410 3718
410 3726
410 3720
410 3722
410 3721
410 3724
411 3732
411 3727
411 3734
411 3729
411 3736
411 3731
411 3730
411 3733
412 3741
412 3737
412 3743
412 3739
412 3745
412 3740
412 2814
412 3742
413 3751
413 3746
413 3753
413 3748
413 3755
413 3750
413 3749
413 3752
414 3759
414 1986
414 3760
414 843
414 3762
414 3758
414 3757
414 1160
415 3768
415 3763
415 3770
415 3765
415 3772
415 3767
415 3766
415 3769
416 3778
416 3773
416 3780
416 3775
416 3782
416 3777
416 3776
416 3779
417 3788
417 3783
417 3790
417 3785
417 3792
417 3787
417 3786
417 3789
418 3797
418 3793
418 3799
418 3795
418 3801
418 3796
418 1885
418 3798
419 3807
419 3802
419 3809
419 3804
419 3811
419 3806
419 3805
419 3808
420 3817
420 3812
420 3819
420 3814
420 3821
420 3816
420 3815
420 3818
421 3826
421 3822
421 3828
421 3824
421 3830
421 3825
421 612
421 3827
422 3836
422 3831
422 3838
422 3833
422 3840
422 3835
422 3834
422 3837
423 3846
423 3841
423 3849
423 3843
423 3845
423 3844
423 3847
424 3852
424 83
424 3853
424 3850
424 3855
424 3851
424 2160
424 464
425 3861
425 3858
425 3860
425 3859
425 3862
426 3868
426 3863
426 3870
426 3865
426 3872
426 3867
426 3866
426 3869
427 3878
427 3873
427 3880
427 3875
427 3882
427 3877
427 3876
427 3879
428 3888
428 3883
428 3890
428 3885
428 3891
428 3887
428 3886
428 3889
429 82
429 3892
429 1399
429 1078
429 78
429 1398
429 10
429 1401
430 3899
430 3894
430 3901
430 3896
430 3903
430 3898
430 3897
430 3900
431 3909
431 3904
431 3911
431 3906
431 3913
431 3908
431 3907
431 3910
432 3914
432 3230
432 3916
432 3918
432 3917
432 647
433 1353
433 3921
433 3133
433 3922
433 3923
434 286
434 3924
434 10
434 3925
434 3930
434 3927
434 3926
434 3928
435 3936
435 3931
435 3938
435 3933
435 3940
435 3935
435 3934
435 3937
436 3946
436 3941
436 3948
436 3943
436 3950
436 3945
436 3944
436 3947
437 3956
437 3951
437 3958
437 3953
437 3960
437 3955
437 3954
437 3957
438 3966
438 3961
438 3968
438 3963
438 3970
438 3965
438 3964
438 3967
439 3976
439 3971
439 3977
439 3973
439 3862
439 3975
439 3974
439 703
440 3984
440 3979
440 3985
440 3981
440 3987
440 3983
440 3982
440 3265
441 3993
441 3988
441 10
441 3990
441 3996
441 3992
441 3991
441 3994
442 4002
442 3997
442 4004
442 3999
442 10
442 4001
442 4000
442 4003
443 78
443 1398
443 1400
443 1401
443 2463
443 1402
443 1399
443 4006
444 4012
444 4007
444 4013
444 4009
444 4014
444 4011
444 4010
444 2890
445 3248
445 1075
445 4020
445 4016
445 118
445 4018
445 4017
445 4019
446 4026
446 4021
446 4027
446 4023
446 4028
446 4025
446 4024
446 1610
447 4033
447 4029
447 4035
447 4030
447 4037
447 4032
447 4031
447 4034
448 4043
448 4038
448 4045
448 4040
448 4047
448 4042
448 4041
448 4044
449 4053
449 4048
449 4055
449 4050
449 4052
449 4051
449 1470
450 4061
450 4056
450 4063
450 4058
450 4065
450 4060
450 4059
450 4062
451 4071
451 4066
451 4073
451 4068
451 4075
451 4070
451 4069
451 4072
452 4080
452 4076
452 4082
452 4078
452 4084
452 4079
452 1470
452 4081
453 4090
453 4085
453 4092
453 4087
453 4094
453 4089
453 4088
453 4091
454 4100
454 4095
454 4102
454 4097
454 4104
454 4099
454 4098
454 4101
455 915
455 4105
455 4111
455 4107
455 4113
455 4109
455 4108
455 4110
456 4119
456 4114
456 4121
456 4116
456 4123
456 4118
456 4117
456 4120
457 302
457 4124
457 4128
457 310
457 4130
457 4127
457 4126
457 738
458 4136
458 4133
458 4135
458 4134
458 4137
459 4143
459 4138
459 4145
459 4140
459 4147
459 4142
459 4141
459 4144
460 4153
460 4148
460 4155
460 4150
460 4157
460 4152
460 4151
460 4154
461 4161
461 4158
461 937
461 4160
461 4164
461 3253
461 1880
461 4162
462 1267
462 4165
462 1
462 4018
462 4170
462 116
462 4167
462 4168
463 4176
463 4171
463 4178
463 4173
463 4180
463 4175
463 4174
463 4177
464 4186
464 4181
464 4188
464 4183
464 4190
464 4185
464 4184
464 4187
465 4196
465 4191
465 4198
465 4193
465 4200
465 4195
465 4194
465 4197
466 4206
466 4201
466 4208
466 4203
466 4210
466 4205
466 4204
466 4207
467 4216
467 4211
467 2775
467 4213
467 4219
467 4215
467 4214
467 4217
468 4225
468 4220
468 4227
468 4222
468 4229
468 4224
468 4223
468 4226
469 4235
469 4230
469 4237
469 4232
469 4239
469 4234
469 4233
469 4236
470 4245
470 4240
470 4246
470 4242
470 4248
470 4244
470 4243
470 3981
471 4254
471 4249
471 4256
471 4251
471 4258
471 4253
471 4252
471 4255
472 4264
472 4259
472 4266
472 4261
472 4268
472 4263
472 4262
472 4265
473 4274
473 4269
473 4276
473 4271
473 4278
473 4273
473 4272
473 4275
474 4284
474 4279
474 4286
474 4281
474 4288
474 4283
474 4282
474 4285
475 4294
475 4289
475 4296
475 4291
475 4298
475 4293
475 4292
475 4295
476 4304
476 4299
476 4306
476 4301
476 4308
476 4303
476 4302
476 4305
477 4314
477 4309
477 4316
477 4311
477 4318
477 4313
477 4312
477 4315
478 4324
478 4319
478 4326
478 4321
478 4328
478 4323
478 4322
478 4325
479 4334
479 4329
479 4336
479 4331
479 4338
479 4333
479 4332
479 4335
480 4344
480 4339
480 4346
480 4341
480 4348
480 4343
480 4342
480 4345
481 4106
481 4353
481 2858
481 4351
481 4350
481 2890
482 4359
482 4354
482 4361
482 4356
482 4363
482 4358
482 4357
482 4360
483 4369
483 4364
483 4371
483 4366
483 4373
483 4368
483 4367
483 4370
484 4379
484 4374
484 4381
484 4376
484 4383
484 4378
484 4377
484 4380
485 4389
485 4384
485 4391
485 4386
485 4393
485 4388
485 4387
485 4390
486 4398
486 3299
486 4400
486 4395
486 4402
486 4397
486 4396
486 4399
487 4408
487 4403
487 4410
487 4405
487 4412
487 4407
487 4406
487 4409
488 4418
488 4413
488 4420
488 4415
488 4422
488 4417
488 4416
488 4419
489 4428
489 4423
489 4430
489 4425
489 4432
489 4427
489 4426
489 4429
490 4438
490 4433
490 4439
490 4435
490 4441
490 4437
490 4436
490 974
491 4447
491 4442
491 4448
491 4444
491 4450
491 4446
491 4445
491 1279
492 4456
492 4451
492 4458
492 4453
492 4459
492 4455
492 4454
492 4457
493 4465
493 4460
493 4467
493 4462
493 4469
493 4464
493 4463
493 4466
494 4475
494 4470
494 4477
494 4472
494 4479
494 4474
494 4473
494 4476
495 4485
495 4480
495 4487
495 4482
495 4489
495 4484
495 4483
495 4486
496 4494
496 906
496 4496
496 4491
496 4498
496 4493
496 4492
496 4495
497 4504
497 4499
497 4506
497 4501
497 4508
497 4503
497 4502
497 4505
498 4513
498 4509
498 4515
498 4511
498 4517
498 1904
498 4512
498 4514
