0 0
0 1
0 2
0 3
0 4
0 5
0 6
0 7
0 8
0 9
1 10
1 11
1 12
1 13
1 14
1 15
1 16
1 17
1 18
2 19
2 20
2 21
2 22
2 23
2 24
2 25
2 26
2 27
2 28
3 29
3 30
3 31
3 32
3 33
3 34
3 35
3 36
3 37
3 38
4 39
4 40
4 41
4 42
4 43
4 44
4 45
4 46
4 47
4 48
5 49
5 50
5 51
5 52
5 53
5 54
5 55
5 56
5 57
5 58
6 59
6 60
6 61
6 62
6 63
6 64
6 65
6 66
6 67
6 68
7 69
7 70
7 71
7 72
7 73
7 74
7 75
7 76
7 77
8 78
8 79
8 80
8 81
8 82
8 83
8 84
8 85
9 86
9 87
9 88
9 89
9 90
9 91
9 92
9 93
9 94
9 95
10 96
10 97
10 98
10 99
10 100
10 101
10 102
10 103
10 104
11 105
11 106
11 107
11 108
11 109
11 110
11 111
11 112
11 113
11 114
12 115
12 116
12 117
12 118
12 119
12 120
12 121
12 122
13 123
13 124
13 125
13 126
13 127
13 128
13 129
13 130
13 131
13 132
14 133
14 134
14 135
14 136
14 137
14 138
14 139
14 140
14 141
14 142
15 143
15 144
15 145
15 146
15 147
15 148
15 149
15 150
15 151
15 152
16 153
16 154
16 155
16 156
16 157
16 158
16 159
16 160
16 161
16 162
17 163
17 164
17 165
17 166
17 167
17 168
17 169
17 170
17 171
17 172
18 69
18 70
18 71
18 72
18 73
18 74
18 75
18 76
18 77
19 173
19 174
19 175
19 176
19 177
19 178
19 179
19 180
19 181
19 182
20 183
20 184
20 185
20 186
20 187
20 188
20 189
20 190
20 191
20 192
21 193
21 194
21 195
21 196
21 197
21 198
21 199
21 200
21 201
21 202
22 203
22 204
22 205
22 206
22 207
22 208
22 209
22 210
22 211
22 212
23 213
23 214
23 215
23 216
23 217
23 218
23 219
23 220
23 221
23 222
24 223
24 224
24 225
24 226
24 227
24 228
24 229
24 230
24 231
24 232
25 233
25 234
25 235
25 236
25 237
25 238
25 239
25 240
25 241
25 242
26 243
26 244
26 245
26 246
26 247
26 248
26 249
26 250
26 251
26 252
27 253
27 254
27 255
27 256
27 257
27 258
27 259
27 260
27 261
27 262
28 263
28 264
28 265
28 266
28 267
28 268
28 269
28 270
28 271
28 272
29 273
29 274
29 275
29 276
29 277
29 278
29 279
29 280
29 281
29 282
30 283
30 284
30 285
30 286
30 287
30 288
30 289
30 258
30 290
30 291
31 292
31 293
31 294
31 295
31 296
31 297
31 298
31 299
31 300
31 301
32 302
32 303
32 304
32 305
32 306
32 307
32 308
32 309
32 310
33 311
33 91
33 312
33 313
33 314
33 315
33 316
33 317
33 318
33 319
34 293
34 320
34 305
34 321
34 322
34 323
34 324
34 325
34 326
34 327
35 328
35 329
35 330
35 331
35 332
35 333
35 334
35 335
35 336
35 337
36 338
36 339
36 340
36 341
36 342
36 343
36 344
36 345
36 346
36 347
37 348
37 349
37 350
37 351
37 352
37 353
37 354
37 355
37 356
37 357
38 358
38 359
38 360
38 361
38 362
38 363
38 364
38 365
38 366
38 367
39 368
39 369
39 370
39 371
39 372
39 373
39 374
39 375
39 376
39 377
40 378
40 379
40 380
40 381
40 382
40 383
40 384
40 385
40 386
40 387
41 388
41 389
41 390
41 391
41 392
41 393
41 394
41 395
41 396
42 397
42 398
42 399
42 400
42 401
42 402
42 403
42 404
42 405
42 406
43 407
43 408
43 409
43 410
43 411
43 412
43 413
43 414
43 415
43 416
44 417
44 418
44 419
44 420
44 421
44 422
44 423
44 424
44 425
44 426
45 427
45 428
45 429
45 430
45 431
45 432
45 433
45 434
45 435
45 436
46 437
46 438
46 439
46 440
46 441
46 442
46 443
46 444
46 445
46 446
47 447
47 448
47 449
47 450
47 451
47 452
47 453
47 454
47 455
47 456
48 457
48 458
48 459
48 460
48 461
48 462
48 463
48 464
48 465
48 466
49 467
49 468
49 469
49 470
49 471
49 472
49 473
49 474
49 475
49 476
50 477
50 478
50 479
50 480
50 481
50 482
50 483
50 484
50 485
50 486
51 487
51 488
51 489
51 490
51 491
51 492
51 493
51 494
51 495
52 496
52 497
52 498
52 499
52 500
52 501
52 502
52 503
52 504
52 505
53 506
53 507
53 508
53 509
53 335
53 510
53 511
53 512
53 513
53 514
54 515
54 516
54 517
54 518
54 519
54 520
54 521
54 522
54 523
54 524
55 525
55 526
55 527
55 528
55 529
55 530
55 531
55 532
55 533
55 534
56 535
56 536
56 537
56 538
56 539
56 540
56 541
56 542
56 543
56 544
57 545
57 546
57 547
57 548
57 549
57 550
57 551
57 552
57 553
57 509
58 554
58 555
58 556
58 31
58 557
58 30
58 558
58 559
58 560
58 561
59 562
59 563
59 564
59 565
59 566
59 567
59 568
59 569
59 570
59 571
60 572
60 573
60 574
60 575
60 576
60 577
60 578
60 579
60 580
60 581
61 582
61 583
61 584
61 585
61 586
61 587
61 588
61 589
62 590
62 591
62 592
62 593
62 594
62 595
62 596
62 597
62 598
62 599
63 600
63 601
63 602
63 603
63 604
63 605
63 606
63 607
63 608
63 609
64 610
64 494
64 611
64 612
64 613
64 614
65 615
65 616
65 617
65 618
65 619
65 620
65 621
65 622
65 623
66 624
66 625
66 626
66 627
66 628
66 629
66 630
66 631
66 632
66 633
67 634
67 635
67 636
67 637
67 638
67 639
67 640
67 641
67 642
67 643
68 644
68 645
68 646
68 647
68 648
68 649
68 650
68 651
68 652
69 653
69 654
69 655
69 656
69 657
69 658
69 659
69 660
69 661
69 662
70 663
70 664
70 665
70 666
70 667
70 668
70 669
70 670
71 671
71 672
71 673
71 674
71 675
71 676
71 677
71 678
71 679
71 680
72 681
72 682
72 683
72 684
72 685
72 686
72 687
72 688
72 689
72 690
73 691
73 692
73 693
73 694
73 695
73 696
73 697
73 698
73 699
73 700
74 701
74 702
74 703
74 704
74 705
74 706
74 707
74 708
74 709
74 710
75 711
75 712
75 713
75 714
75 715
75 716
75 717
75 718
75 719
75 720
76 721
76 722
76 723
76 724
76 725
76 726
76 727
76 728
76 729
76 730
77 731
77 732
77 733
77 734
77 735
77 736
77 610
77 737
78 738
78 739
78 740
78 741
78 742
78 743
78 744
78 745
78 746
79 747
79 748
79 749
79 750
79 751
79 752
79 753
79 754
79 755
79 756
80 757
80 610
80 494
80 758
80 759
80 760
80 761
80 762
80 763
80 764
81 765
81 766
81 767
81 768
81 769
81 770
81 771
81 772
81 773
81 774
82 775
82 776
82 777
82 778
82 779
82 780
82 781
82 782
82 783
82 784
83 785
83 786
83 787
83 788
83 789
83 790
83 791
83 792
83 793
83 794
84 795
84 796
84 797
84 798
84 799
84 800
84 801
84 802
84 803
84 804
85 560
85 557
85 805
85 806
85 558
85 31
85 30
85 555
85 556
85 807
86 808
86 809
86 810
86 811
86 812
86 813
86 814
86 815
86 816
86 817
87 818
87 819
87 820
87 821
87 822
87 823
87 824
87 825
87 826
87 827
88 828
88 829
88 830
88 831
88 832
88 833
88 834
88 835
88 836
88 837
89 838
89 839
89 840
89 841
89 842
89 843
89 844
89 845
89 846
89 847
90 848
90 849
90 850
90 851
90 852
90 853
90 854
90 855
90 856
90 857
91 858
91 859
91 860
91 861
91 862
91 863
91 864
91 865
91 866
91 867
92 868
92 869
92 870
92 871
92 872
92 873
92 874
92 875
92 876
92 877
93 878
93 879
93 880
93 881
93 882
93 883
93 884
93 885
93 886
93 887
94 888
94 889
94 890
94 891
94 892
94 893
94 894
94 895
94 896
94 897
95 898
95 899
95 900
95 901
95 902
95 903
95 904
95 905
95 906
95 907
96 908
96 909
96 910
96 40
96 911
96 912
96 913
96 914
96 915
96 903
97 916
97 917
97 918
97 919
97 920
97 921
97 922
97 923
97 924
97 925
98 926
98 927
98 928
98 929
98 930
98 931
98 932
98 933
98 934
98 935
99 936
99 738
99 937
99 938
99 939
99 940
99 941
99 942
99 943
99 944
100 945
100 946
100 947
100 948
100 949
100 950
100 951
100 952
100 953
101 954
101 955
101 956
101 543
101 957
101 958
101 959
101 960
101 961
101 962
102 963
102 964
102 965
102 966
102 967
102 968
102 969
102 970
102 971
102 972
103 973
103 974
103 975
103 8
103 976
103 977
103 978
103 979
103 980
103 981
104 982
104 983
104 984
104 985
104 986
104 987
104 988
104 989
105 990
105 991
105 992
105 993
105 994
105 995
105 996
105 997
105 998
106 999
106 1000
106 1001
106 1002
106 1003
106 1004
106 1005
106 1006
106 1007
106 14
107 1008
107 1009
107 1010
107 1011
107 1012
107 1013
107 1014
107 1015
107 1016
107 1017
108 1018
108 1019
108 1020
108 1021
108 1022
108 1023
108 1024
108 1025
108 1026
108 1027
109 1028
109 1029
109 1030
109 1031
109 1032
109 1033
109 1034
109 1035
109 1036
110 1037
110 1038
110 1039
110 1040
110 1041
110 1042
110 1043
110 1044
110 1045
111 1046
111 1047
111 1048
111 1049
111 1050
111 1051
111 1052
111 1053
111 1054
111 1055
112 1056
112 1057
112 1058
112 1059
112 1060
112 1061
112 1062
112 1063
112 1064
112 1065
113 1066
113 1067
113 1068
113 1069
113 1070
113 1071
113 1072
113 1073
113 1074
114 1075
114 1076
114 1077
114 1078
114 1079
114 1080
114 1081
114 1082
114 1083
115 1084
115 1085
115 1086
115 1087
115 1088
115 1089
115 1090
115 1091
115 1092
115 1093
116 1094
116 1095
116 1096
116 1097
116 1098
116 1099
116 1100
116 1101
116 1102
117 1103
117 1104
117 1105
117 1106
117 1107
117 1108
117 1109
117 1110
117 1111
117 1112
118 1113
118 1114
118 1115
118 1116
118 1117
118 1118
118 1119
118 1120
118 1121
118 1122
119 1123
119 1124
119 1125
119 1126
119 1127
119 1128
119 1129
119 1130
119 1106
119 1131
120 1132
120 1133
120 1134
120 1135
120 1136
120 1137
120 1138
120 1139
120 1140
120 1141
121 1142
121 1143
121 1144
121 1145
121 1146
121 1147
121 1148
121 1149
121 1150
121 1151
122 1152
122 1153
122 1154
122 1155
122 1156
122 1157
122 1158
122 1159
122 1160
122 1161
123 1162
123 1163
123 1164
123 1165
123 1166
123 1167
123 1168
123 1169
123 1170
123 1171
124 1172
124 1173
124 1174
124 1175
124 1176
124 1177
124 1178
124 1179
124 1180
124 1181
125 276
125 1182
125 1183
125 1184
125 1185
125 1186
125 1187
125 1188
125 1189
125 1190
126 1191
126 1192
126 1193
126 1194
126 1195
126 1196
126 1197
126 1198
126 1199
126 1200
127 1201
127 1202
127 1203
127 1204
127 1205
127 1206
127 1207
127 1208
127 1209
127 1210
128 1211
128 1212
128 1213
128 1214
128 1215
128 1216
128 1217
128 1218
128 1219
129 1220
129 1221
129 1222
129 1223
129 839
129 1224
129 1225
129 1226
129 1227
130 1228
130 1229
130 1230
130 1231
130 1232
130 1233
130 1234
130 1235
130 1236
130 1237
131 1238
131 1239
131 1240
131 1241
131 1242
131 1243
131 1244
131 1245
131 1246
131 1247
132 1248
132 1249
132 1250
132 1251
132 1252
132 1253
132 1254
132 1255
132 1256
132 1257
133 1258
133 1259
133 1260
133 1261
133 656
133 1262
133 1263
133 1264
133 1265
133 1266
134 1267
134 1268
134 1269
134 1270
134 1271
134 1272
134 1273
134 1274
135 658
135 1195
135 1275
135 1276
135 1277
135 1278
135 1279
135 1280
135 1281
135 1192
136 1282
136 517
136 1283
136 1284
136 1285
136 1286
136 1287
136 1288
136 1289
137 1290
137 1291
137 1292
137 1293
137 1294
137 1295
137 942
137 663
137 1296
137 1297
138 1298
138 1299
138 1300
138 1301
138 1302
138 1303
138 1304
138 1305
139 1306
139 1307
139 1308
139 1309
139 1310
139 1311
139 1312
139 1313
139 1314
139 1315
140 1316
140 1317
140 1318
140 1319
140 1320
140 1321
140 1322
140 1323
140 1324
141 1325
141 1326
141 1327
141 1328
141 1329
141 1330
141 1331
141 1332
141 1333
142 1334
142 1335
142 1336
142 1337
142 1338
142 1097
142 1339
142 1340
143 1341
143 1342
143 1343
143 1114
143 1344
143 1345
143 1346
143 1347
143 1348
144 1349
144 1350
144 1351
144 10
144 1352
144 1353
144 1354
145 1355
145 1356
145 1357
145 1358
145 1359
145 1360
145 1361
145 1362
145 1363
145 1364
146 1365
146 1366
146 308
146 1367
146 1368
146 1369
146 1370
146 1371
146 1372
147 1373
147 1374
147 1375
147 1376
147 1377
147 1378
147 1379
147 1380
147 1381
147 1382
148 1383
148 1384
148 1385
148 1386
148 1382
148 1387
148 1388
149 1389
149 1311
149 1390
149 1391
149 1392
149 1393
149 1394
149 1395
149 1396
149 1397
150 78
150 1398
150 82
150 1399
150 1400
150 1267
150 1401
150 1402
150 1403
150 83
151 1404
151 1405
151 1406
151 1407
151 1408
151 1409
151 1330
151 1410
151 1411
151 1412
152 1413
152 1414
152 1415
152 1416
152 1417
152 1418
152 1419
152 1420
152 1421
153 1422
153 1423
153 1424
153 1425
153 1426
153 1427
153 1428
153 1429
153 1430
153 1431
154 1432
154 1433
154 1434
154 1435
154 1436
154 1437
154 1438
154 1439
154 1440
154 1441
155 1442
155 1443
155 1444
155 1445
155 1446
155 1447
155 1448
155 1449
155 1450
155 1451
156 1452
156 1453
156 1454
156 1455
156 1456
156 1457
156 1458
156 1459
156 1460
156 1461
157 1462
157 1463
157 1464
157 1465
157 1466
157 1467
157 1468
157 1469
157 1470
157 1471
158 1472
158 1473
158 613
159 1474
159 1475
159 1476
159 1477
159 1478
159 1479
159 1480
159 1481
159 1482
159 1483
160 1484
160 1485
160 585
160 586
160 1486
160 1487
160 1488
160 1489
161 1490
161 1491
161 1492
161 1493
161 1494
161 1495
161 1496
161 1497
161 1498
161 1499
162 1500
162 1501
162 1502
162 1503
162 1504
162 1505
162 1506
162 1507
162 1508
162 1509
163 1510
163 1511
163 1512
163 1513
163 1514
163 1515
163 1516
163 1517
163 1518
163 1519
164 1520
164 1521
164 1522
164 1523
164 1524
164 1525
164 1526
164 1527
164 1528
164 1529
165 1530
165 1531
165 1532
165 1533
165 1534
165 1535
165 1536
165 1537
165 1538
165 1539
166 1540
166 1541
166 1542
166 1543
166 1544
166 1545
166 1546
166 1547
166 1548
166 1549
167 1550
167 1551
167 1552
167 1553
167 1554
167 1555
167 1556
167 1557
167 1558
167 1559
168 1560
168 1561
168 1562
168 1034
168 1563
168 175
168 1564
168 1565
168 1566
168 1567
169 1568
169 1569
169 1570
169 1571
169 1572
169 1573
169 1574
169 1575
169 1576
169 1577
170 1578
170 1579
170 1580
170 1581
170 1582
170 1583
170 1584
170 1585
170 1586
170 1587
171 1588
171 1589
171 1590
171 1591
171 1592
171 1593
171 1594
171 1595
171 1596
171 1597
172 1598
172 1599
172 1600
172 1601
172 1602
172 1603
172 1604
172 1605
172 1606
172 1607
173 585
173 1487
173 1608
173 1609
173 1101
173 1610
173 1488
173 1227
173 1611
174 1612
174 1613
174 1614
174 1615
174 1616
174 1617
174 1618
174 1619
174 1620
174 1621
175 1622
175 1623
175 1624
175 1625
175 1626
175 1627
175 1628
175 1629
175 1630
175 1631
176 1632
176 1633
176 1634
176 1635
176 1636
176 1637
176 1638
176 1639
176 1640
176 1641
177 1642
177 1643
177 1644
177 1645
177 1646
177 1647
177 1648
177 1649
177 1650
177 1651
178 181
178 1652
178 1653
178 1654
178 1655
178 1656
178 1657
178 1658
178 1659
178 182
179 1660
179 1661
179 1662
179 1663
179 1664
179 1665
179 1666
179 1667
179 1668
179 1669
180 1670
180 1671
180 1672
180 1673
180 1674
180 1675
180 1676
180 1677
180 1678
180 1679
181 1680
181 1681
181 1682
181 1683
181 1684
181 1685
181 1686
181 1687
181 1688
181 1689
182 1690
182 1691
182 1692
182 1693
182 1694
182 1695
182 1696
182 1697
182 1698
182 1699
183 1700
183 1701
183 1702
183 1703
183 1704
183 1705
183 1706
183 1707
183 1708
183 1709
184 1710
184 1711
184 1712
184 1713
184 1714
184 1715
184 1716
184 1717
184 1718
184 1719
185 1720
185 1721
185 1722
185 1723
185 1724
185 1725
185 1726
185 1727
185 1728
185 1729
186 1730
186 1731
186 1732
186 1733
186 1734
186 1735
186 1736
186 1737
186 1738
186 1739
187 1740
187 1741
187 1742
187 1743
187 1744
187 1745
187 1746
187 1747
187 1748
187 1749
188 1750
188 1751
188 1752
188 1753
188 1754
188 1755
188 1756
188 1757
188 1758
188 1759
189 1760
189 1761
190 1762
190 1763
190 1764
190 83
190 1765
190 1766
190 1767
190 1768
190 1769
190 1770
191 1771
191 1772
191 1773
191 1774
191 1775
191 1776
191 1777
191 1778
191 1779
191 1780
192 1781
192 1782
192 1783
192 1784
192 1785
192 1786
192 1787
192 1788
192 1789
192 1790
193 1791
193 1792
193 1793
193 1794
193 1795
193 1796
193 1797
193 1798
193 1799
193 1800
194 1801
194 1802
194 1803
194 1804
194 1805
194 1806
194 1807
194 1808
194 1809
194 1810
195 1046
195 1050
195 1047
195 1053
195 1051
195 1052
195 1054
195 1398
195 1811
195 1812
196 1813
196 1814
196 1815
196 1816
196 1817
196 961
196 1818
196 1819
196 1820
196 1821
197 1822
197 1823
197 1824
197 1825
197 1826
197 1827
197 1828
197 1829
197 1830
197 1831
198 1832
198 1833
198 1834
198 1835
198 1760
198 1836
198 1837
198 1838
198 1839
198 1840
199 1841
199 1842
199 1843
199 1844
199 1845
199 1846
199 1847
199 1848
199 1849
199 1850
200 1851
200 1852
200 1853
200 78
200 1854
200 1855
200 1856
200 1857
200 1858
200 1859
201 1860
201 1861
201 1862
201 1863
201 1864
201 1865
201 1866
201 1867
201 1868
201 1869
202 1870
202 1871
202 1872
202 1873
202 1874
202 1058
202 1875
202 1876
202 1877
202 1878
203 1879
203 1880
203 1881
203 1882
203 1883
203 1884
203 1885
203 1886
203 1887
203 1888
204 1889
204 1890
204 1891
204 1892
204 1893
204 1894
204 1895
204 1896
204 1897
204 1898
205 1899
205 1900
205 1901
205 1902
205 1903
205 1904
205 1905
205 1906
205 1907
205 1908
206 1909
206 1910
206 1911
206 1912
206 1913
206 1914
206 1915
206 1916
206 1917
206 1918
207 1919
207 1920
207 1921
207 1922
207 1923
207 1924
207 1925
207 1926
207 1927
208 1928
208 1929
208 1930
208 1931
208 1932
208 1933
208 1934
208 1935
208 1936
208 1937
209 1938
209 1939
209 1940
209 1941
209 1942
209 1943
209 1944
209 1945
209 1946
209 1947
210 1948
210 1949
210 1950
210 1951
210 1952
210 1953
210 1954
210 1955
210 1956
210 1957
211 1958
211 1959
211 1960
211 1961
211 1962
211 1963
211 1964
211 1965
211 1966
211 1967
212 796
212 1968
212 1761
212 612
212 610
212 1969
212 1970
212 494
213 1971
213 1972
213 1973
213 1974
213 1975
213 1976
213 1977
213 1978
213 1979
213 1980
214 1981
214 1982
214 1983
214 1984
214 1985
214 1986
214 1987
214 1988
214 1989
214 1990
215 1991
215 1992
215 1993
215 1994
215 1995
215 1996
215 1997
215 1998
215 1999
215 2000
216 2001
216 2002
216 2003
216 2004
216 2005
216 2006
216 2007
216 2008
216 2009
216 2010
217 2011
217 2012
217 2013
217 2014
217 2015
217 2016
217 466
217 2017
217 2018
217 2019
218 2020
218 2021
218 2022
218 2023
218 2024
218 2025
218 2026
218 2027
218 2028
218 2029
219 2030
219 1860
219 1273
219 2031
219 2032
219 2033
219 2034
219 2035
219 2036
219 2037
220 2038
220 2039
220 2040
220 2041
220 2042
220 2043
220 2044
220 2045
220 2046
220 2047
221 2048
221 2049
221 2050
221 2051
221 2052
221 2053
221 2054
221 2055
221 2056
221 2057
222 2058
222 2059
222 2060
222 2061
222 2062
222 436
222 2063
222 2064
222 2065
222 2066
223 2067
223 1330
223 1410
223 2068
223 1407
223 116
223 82
223 2069
223 2070
224 2071
224 2072
224 2073
224 2074
224 2075
224 2076
224 2077
224 2078
224 2079
224 2080
225 2081
225 2082
225 906
225 2083
225 2084
225 2085
225 2086
225 2087
225 1076
226 2088
226 2089
226 2090
226 2091
226 2092
226 2093
226 2094
226 2095
226 2096
226 2097
227 2098
227 2099
227 2100
227 2101
227 2102
227 2103
227 2104
227 2105
227 2106
227 2107
228 2108
228 2109
228 2110
228 2111
228 2112
228 2113
228 2114
228 2115
228 2116
228 2117
229 2118
229 2119
229 2120
229 2121
229 2122
229 2123
229 2124
229 2125
229 1314
229 2126
230 1048
230 1052
230 1046
230 1050
230 1051
230 2127
230 2128
230 2129
230 1047
230 2130
231 2131
231 2132
231 2133
231 2134
231 2135
231 2136
231 2137
231 2138
231 2139
231 2140
232 2141
232 2142
232 2143
232 1742
232 2144
232 2145
232 2146
232 2147
232 2148
232 2149
233 2150
233 2151
233 2152
233 2153
233 2154
233 2155
233 2156
233 2157
233 2158
233 2159
234 259
234 2160
234 2161
234 2162
234 2163
234 2164
234 2165
234 2166
234 312
234 2167
235 2168
235 2169
235 2170
235 2171
235 2172
235 2173
235 2174
235 2175
235 2176
235 2177
236 2178
236 2179
236 2180
236 2181
236 2182
236 2183
236 2184
236 2185
236 2186
236 2187
237 2188
237 2189
237 2190
237 2191
237 2192
237 2193
237 2194
237 2195
237 2196
237 2197
238 2198
238 2199
238 2200
238 2201
238 2202
238 2203
238 2204
238 2205
238 2206
239 2207
239 312
239 2208
239 2209
239 2210
239 2211
239 2212
239 2213
240 2214
240 2215
240 2216
240 2217
240 2218
240 2219
240 2220
240 2221
241 2222
241 2223
241 2224
241 2225
241 2226
241 2227
241 2228
241 2229
242 2230
242 2231
242 2232
242 2233
242 2234
242 2235
242 2236
242 2237
242 2238
242 2239
243 1267
243 2240
243 2241
243 2242
243 2243
243 2244
243 2245
243 2246
243 2247
243 2248
244 2249
244 2250
244 2251
244 2252
244 2253
244 2254
244 2255
244 2256
244 2257
244 2258
245 2259
245 2260
245 2261
245 2262
245 2263
245 2264
245 2265
245 2266
245 2267
245 2268
246 656
246 2269
246 2270
246 2271
246 2272
246 2273
246 2274
246 2275
246 2276
246 2277
247 2278
247 2279
247 312
247 2280
247 2281
247 2282
247 2283
247 2284
247 2285
247 2286
248 2287
248 2288
248 2289
248 2290
248 2291
248 2292
248 2293
248 2294
249 2295
249 2296
249 2297
249 2298
249 2299
249 2300
249 2301
249 2302
249 2303
249 2304
250 2305
250 2306
250 2307
250 2308
250 2309
250 2310
250 2311
250 2312
250 175
251 2313
251 2314
251 2315
251 2316
251 2317
251 2318
251 2319
251 2320
251 2321
251 2322
252 2323
252 2324
252 2325
252 2326
252 2327
252 2328
252 2329
252 2330
252 2331
252 2332
253 2333
253 2334
253 2335
253 2336
253 2337
253 2338
253 2339
253 2340
253 2341
253 2342
254 2343
254 649
254 2344
254 2345
254 2346
254 2347
254 2348
254 2349
254 2350
255 2351
255 2352
255 2353
255 2354
255 2355
255 2356
255 2357
255 2358
255 2359
255 2360
256 2361
256 2362
256 2363
256 2160
256 2364
256 2365
256 2062
256 2366
256 2367
257 2368
257 2369
257 2370
257 2371
257 2372
257 2373
257 2374
257 2375
257 2376
257 2377
258 2378
258 2379
258 2380
258 2381
258 2382
258 2383
258 2384
258 85
258 2385
258 2386
259 2387
259 1056
259 2388
259 2389
259 2390
259 2391
259 2392
259 2393
259 2394
259 2395
260 2396
260 2397
260 2398
260 2399
260 2400
260 2401
260 2402
260 2403
260 1868
260 2404
261 2405
261 2406
261 2407
261 2408
261 2409
261 2410
261 1840
261 2411
261 2412
262 612
262 2413
262 2414
262 2415
262 2416
262 2417
262 2418
262 2419
262 2420
263 2421
263 2422
263 2423
263 2424
263 2425
263 2426
263 2427
263 2428
263 2429
263 2430
264 2431
264 2432
264 2433
264 2434
264 2435
264 2436
264 2437
264 2438
264 2439
264 2440
265 2441
265 2442
265 2443
265 2444
265 2445
265 2446
265 2447
265 2448
266 2449
266 2450
266 610
266 2451
266 2452
267 2453
267 2454
267 2455
267 2456
267 2457
267 2458
267 2459
267 2460
267 2461
267 2462
268 82
268 1403
268 83
268 1401
268 1398
268 1399
268 1402
268 1400
268 2463
268 2464
269 2465
269 2466
269 2467
269 2468
269 328
269 2469
269 2470
269 2471
269 2472
269 2473
270 2405
270 2474
270 466
270 2475
270 2476
270 2477
270 2478
270 2479
270 2480
270 2481
271 2482
271 2483
271 2484
271 2485
271 2486
271 2487
271 2488
271 2489
271 2490
271 2491
272 2492
272 2493
272 2494
272 612
272 1340
272 2495
272 2496
272 2497
272 2498
272 2499
273 2500
273 2501
273 2502
273 2503
273 2504
273 2505
273 2506
273 2507
273 2508
273 2509
274 2510
274 2511
274 2512
274 2513
274 2514
274 2515
274 2516
274 2517
274 2518
274 2519
275 1233
275 2520
275 10
275 2521
275 2522
275 2523
276 2524
276 2525
276 2526
276 2527
276 83
276 2528
276 2529
276 2530
276 2531
276 2532
277 2533
277 2534
277 2535
277 2536
277 2537
277 2538
277 2539
277 2540
277 2541
278 2542
278 2543
278 2544
278 2545
278 2546
278 2547
278 2548
278 2172
278 2549
278 2550
279 2551
279 2552
279 2553
279 2554
279 2555
279 2556
279 82
279 2557
279 2558
279 2559
280 2560
280 2561
280 2562
280 2563
280 2564
280 2565
280 2566
280 2567
280 2568
280 2569
281 2570
281 2571
281 2009
281 2572
281 2573
281 2574
281 2575
281 1050
281 2576
282 2577
282 2578
282 2579
282 2580
282 2581
282 2582
282 1007
282 2583
282 2584
282 2585
283 1623
283 2586
283 2587
283 2588
283 2589
283 2590
283 2591
283 2592
283 2593
283 2594
284 2595
284 2596
284 2597
284 2598
284 2599
284 2600
284 2601
284 2602
284 2603
285 2604
285 2605
285 2606
285 2607
285 2608
285 2609
285 2610
285 2611
285 2612
285 2613
286 2614
286 2615
286 2616
286 2617
286 2618
286 2619
286 2620
286 2621
286 2622
286 2623
287 2624
287 2625
287 2626
287 2627
287 2628
287 2629
287 2630
287 2631
287 2632
287 2633
288 2634
288 2635
288 2636
288 2637
288 2638
288 2639
288 2640
288 2641
288 2642
288 2643
289 2644
289 1003
289 2645
289 2646
289 2647
289 2648
289 2649
289 2650
289 1048
289 2651
290 2652
290 2653
290 2654
290 2655
290 2656
290 2657
290 2658
290 2659
290 2660
290 2661
291 2662
291 2663
291 2664
291 612
291 2665
291 2666
291 2667
291 2668
291 2669
291 2670
292 2671
292 2672
292 2673
292 2674
292 2675
292 2676
292 2677
292 1996
292 2678
292 2679
293 2680
293 2681
293 2682
293 2683
293 2684
293 2685
293 2686
293 2687
293 2688
293 2689
294 2690
294 2691
294 2692
294 2693
294 2694
294 2695
294 2696
294 2697
294 2698
294 2699
295 2700
295 1264
295 2701
295 2702
295 2703
295 2704
295 2705
295 2706
295 2707
296 2708
296 2709
296 2710
296 2711
296 2712
296 2713
296 83
296 2714
296 2715
297 2716
297 2717
297 2718
297 2719
297 2720
297 2721
297 2722
297 2723
297 2724
297 2725
298 98
298 2726
298 2727
298 2728
298 2729
298 2730
298 2731
299 2732
299 2733
299 2734
299 2735
299 2736
299 2737
299 2738
299 2739
299 2740
300 2741
300 2742
300 2743
300 2744
300 2745
300 2746
300 2747
300 2748
300 2749
300 2750
301 2751
301 1761
301 2752
301 2753
301 2754
302 2755
302 2756
302 2757
302 2758
302 2759
302 2760
302 2761
303 2762
303 2763
303 2764
303 2765
303 2766
303 2767
303 2768
303 2769
303 2770
303 2771
304 2772
304 2773
304 1536
304 2774
304 2775
304 2776
304 2777
304 2778
304 2779
304 2780
305 2781
305 2782
305 2783
305 2784
305 2785
305 2786
305 1843
305 2787
305 2788
306 2789
306 2790
306 2791
306 2792
306 2793
306 2794
306 2795
306 2796
306 2797
306 2798
307 2799
307 2800
307 2801
307 974
307 2802
307 2803
307 981
307 2804
307 2805
307 2806
308 612
308 1969
308 494
308 610
308 2807
308 2808
308 2809
309 1353
309 2810
309 2811
309 2812
309 2813
309 2814
309 2815
309 2816
309 2817
309 2818
310 2819
310 2820
310 2821
310 2822
310 2823
310 2824
310 2825
310 2826
310 2827
310 2828
311 2829
311 2830
311 2831
311 2832
311 2833
311 2834
311 2835
311 2836
311 2837
312 2838
312 2839
312 2840
312 2841
312 2842
312 2843
312 2844
312 2845
312 2846
312 2847
313 2848
313 2849
313 2850
313 2851
313 2852
313 2853
313 2854
313 2855
313 2856
313 2857
314 1352
314 1075
314 2858
314 2859
314 2860
314 2861
314 2862
314 1410
314 2863
315 2864
315 2777
315 2865
315 2866
315 2867
315 2868
315 1760
315 2869
315 2870
316 2871
316 2872
316 2873
316 2874
316 2875
316 2876
316 2877
316 2878
316 2879
316 2880
317 2881
317 2882
317 2883
317 2884
317 2885
317 2886
317 2887
317 2888
317 2889
317 2890
318 2891
318 2892
318 2893
318 2894
318 2895
318 2896
318 2897
318 2898
318 648
318 2899
319 2900
319 2901
319 2902
319 2903
319 2904
319 2905
319 2906
319 2907
319 2908
319 2909
320 2910
320 2911
320 2912
320 2913
320 2914
320 2915
320 2916
320 2917
320 2918
320 2919
321 2920
321 2921
321 2922
321 2923
321 2924
321 2925
321 703
321 2926
321 2927
321 2928
322 2929
322 2930
322 2931
322 2932
322 2933
322 2934
322 2935
322 2936
322 2937
322 2938
323 2939
323 2940
323 2941
323 2942
323 2943
323 2944
323 2945
323 2946
323 2947
323 2948
324 2949
324 2950
324 2951
324 2952
324 2953
324 2954
324 2955
324 2956
324 2957
324 2958
325 2959
325 2960
325 2961
325 2962
325 2963
325 2964
325 2965
325 2966
325 2967
325 2968
326 2969
326 2970
326 2971
326 2972
326 2973
326 2974
326 2975
326 2976
326 2977
326 2978
327 2979
327 2980
327 2981
327 2982
327 2983
327 2984
327 2985
327 2986
327 2987
327 2988
328 2989
328 2990
328 2991
328 2992
328 2993
328 2994
328 2995
328 2996
328 2997
328 2998
329 2999
329 3000
329 3001
329 3002
329 3003
329 3004
329 3005
329 3006
329 3007
329 3008
330 1834
330 3009
330 3010
330 3011
330 572
330 3012
330 3013
330 3014
330 3015
331 3016
331 3017
331 3018
331 3019
331 3020
331 3021
331 3022
331 3023
331 3024
331 3025
332 3026
332 3027
332 3028
332 3029
332 517
332 3030
332 3031
332 3032
332 750
332 3033
333 3034
333 3035
333 3036
333 3037
333 3038
333 3039
333 3040
333 3041
333 3042
333 3043
334 3044
334 3045
334 3046
334 3047
334 3048
334 3049
334 3050
334 3051
334 3052
334 3053
335 2903
335 3054
335 2983
335 3055
335 2985
335 3056
335 3057
335 3058
335 3059
335 3060
336 3061
336 2166
336 3062
336 3063
336 3064
336 3065
336 3066
336 3067
336 3068
336 3069
337 3070
337 3071
337 3072
337 3073
337 3074
337 3075
337 3076
337 3077
337 3078
337 3079
338 3080
338 2166
338 3081
338 3082
338 3083
338 3084
338 3085
338 3086
338 3087
338 3088
339 3089
339 3090
339 3091
339 3092
339 3093
339 3094
339 3095
339 3096
339 3097
339 1343
340 3098
340 3099
340 3100
340 3101
340 3102
340 3103
340 3104
340 3105
340 3106
340 3107
341 3108
341 3109
341 3110
341 3111
341 3112
341 3113
341 3114
341 3115
341 3116
342 3117
342 3118
342 3119
342 3120
342 3121
342 3122
342 3123
342 3124
342 3125
342 3126
343 1053
343 1046
343 1049
343 1050
343 3127
343 1047
343 1051
343 1048
343 1052
343 1054
344 3128
344 3129
344 3130
344 3131
344 3132
344 3133
344 1353
344 3134
344 3135
345 3136
345 3137
345 3138
345 3139
345 3140
345 3141
345 3142
345 3143
345 3144
345 3145
346 494
347 3146
347 3147
347 3148
347 3149
347 3150
347 3151
347 3152
347 3153
347 3154
347 3155
348 3156
348 3157
348 3158
348 3159
348 3160
348 3116
348 3161
348 3162
348 3163
348 3164
349 3165
349 3166
349 3167
349 3168
349 3169
349 3170
349 3171
349 3172
349 3173
349 3174
350 3175
350 3176
350 3177
350 3178
350 3179
350 3180
350 3181
350 3182
350 3183
350 3184
351 3185
351 3186
351 3187
351 3188
351 3189
351 3190
351 3191
351 3192
351 3193
351 3194
352 3195
352 3196
352 3197
352 3198
352 3199
352 3200
352 3201
352 3202
352 3203
352 3204
353 3205
353 3206
353 3207
353 3208
353 3209
353 3210
353 3211
353 3212
353 3213
353 3214
354 3215
354 3216
354 3217
354 1608
354 3218
354 3219
355 3220
355 3221
355 3222
355 3223
355 3224
355 3225
355 3226
355 3227
355 3228
355 3229
356 3230
356 3231
356 3232
356 3233
356 3234
357 3235
357 3236
357 3237
357 3238
357 3239
357 3240
357 3241
357 3242
357 3243
358 3244
358 3245
358 3246
358 3247
358 3248
358 3249
358 3250
358 3251
358 3252
358 3253
359 3254
359 3255
359 3256
359 3257
359 3258
359 3259
359 3260
359 3261
359 3262
359 3263
360 3264
360 3265
360 3266
360 3267
360 3268
360 3269
360 3270
360 3271
360 3272
360 3273
361 2214
361 3274
361 3275
361 3276
361 3277
361 3278
361 3279
361 3280
361 3281
361 3282
362 3283
362 3284
362 3285
362 3286
362 3287
362 3288
362 3289
362 3290
362 3291
362 3292
363 3293
363 3294
363 3295
363 3296
363 55
363 3297
363 3298
363 3299
363 3300
363 3301
364 3302
364 3303
364 3304
364 3305
364 3306
364 3307
364 3308
364 3309
364 3310
364 3311
365 3312
365 3313
365 3314
365 3315
365 3316
365 3317
365 3318
365 3319
365 3320
365 3321
366 3322
366 3323
366 3324
366 3325
366 3326
366 3327
366 3328
366 3329
366 3330
366 3331
367 3332
367 3333
367 3334
367 3335
367 3336
367 3337
367 3338
367 3339
367 3340
367 3341
368 3342
368 3343
368 3344
368 3345
368 2284
368 3346
368 3347
368 3348
368 3349
368 3350
369 3351
369 3352
369 3353
369 3354
369 3355
369 3356
369 3357
369 3358
369 3359
369 3360
370 3361
370 3362
370 3363
370 1199
370 1197
370 3364
370 3365
370 3366
370 3367
370 1198
371 3368
371 3323
371 3369
371 3370
371 3371
371 3372
371 3373
371 3374
371 3375
371 3376
372 3377
372 3378
372 3379
372 3380
372 3381
372 3382
372 3383
372 3384
372 3385
372 3386
373 3387
373 3388
373 3389
373 2224
373 3390
373 3391
373 3392
373 3393
373 1978
374 3394
374 3208
374 3205
374 3207
374 3209
374 3395
374 3210
374 3396
374 3397
374 3398
375 3399
375 3400
375 3401
375 3402
375 3403
375 3404
375 3405
375 3406
375 3407
375 3408
376 3409
376 3410
376 3411
376 3412
376 3413
376 3414
376 3415
376 3416
376 3417
376 3418
377 3419
377 3420
377 3421
377 3253
377 3422
377 3423
377 3424
377 3425
377 3426
377 3250
378 3427
378 3428
378 3429
378 3430
378 750
378 3431
378 3432
378 3433
378 3434
378 3435
379 348
379 3436
379 3437
379 3438
379 3439
379 3440
379 3441
379 3442
379 3443
379 3444
380 3445
380 3446
380 3447
380 3448
380 3449
380 3450
380 3451
380 3452
380 3453
380 3454
381 3455
381 3456
381 3457
381 3458
381 3353
381 3459
381 3460
381 3461
381 386
381 3462
382 3463
382 3464
382 3465
382 1309
382 3466
382 3467
382 3468
382 3469
382 3470
382 3471
383 610
383 3472
383 3473
383 3474
383 3475
383 3476
383 3477
383 3478
383 3479
384 3480
384 3481
384 3482
384 3483
384 3484
384 3485
384 3486
384 3487
384 3488
384 3489
385 494
385 3490
385 3491
385 3492
385 3493
385 3494
385 3495
385 3496
385 3497
386 3498
386 3499
386 3500
386 3501
386 3502
386 3503
386 3504
386 3505
386 3506
386 3507
387 3508
387 3509
387 3510
387 3511
387 3512
387 2882
387 3513
387 3514
387 3515
387 3516
388 3517
388 3518
388 3519
388 3520
388 3521
388 3522
388 3523
388 3524
388 3525
388 3526
389 3527
389 3528
389 3529
389 3530
389 3531
389 3532
389 3533
389 3534
389 3535
389 3536
390 3537
390 3538
390 3539
390 3540
390 3541
390 3542
390 3543
390 3544
390 3545
390 3546
391 3547
391 3548
391 3549
391 3550
391 3551
391 3552
391 3553
391 3554
391 3555
391 3556
392 312
392 3557
392 3558
392 3559
392 3560
392 3561
392 3562
392 3563
392 3564
392 3565
393 312
393 3557
393 3558
393 3559
393 3560
393 3561
393 3562
393 3563
393 3565
393 3566
394 3567
394 3568
394 3569
394 3570
394 3571
394 3572
394 3573
394 3574
394 3575
394 3576
395 3135
395 3577
395 3578
395 3579
395 3580
395 3581
395 1079
395 3582
395 3583
395 3584
396 3585
396 3586
396 3587
396 2310
396 3588
396 3589
396 3590
396 3591
396 3592
396 3593
397 3594
397 3595
397 3596
397 3597
397 3598
397 3599
397 3600
397 3601
397 3602
397 3603
398 3604
398 3605
398 3606
398 3607
398 3608
398 3609
398 3610
398 3611
398 3612
398 3613
399 3614
399 3615
399 3616
399 3617
399 3618
399 3619
399 3620
399 3621
399 3622
399 3623
400 3624
400 3625
400 3626
400 3627
400 3628
400 3629
400 3630
400 3631
400 3632
400 3633
401 3634
401 3635
401 1398
401 82
401 1400
401 3636
401 3637
401 3638
401 3639
401 3640
402 3641
402 3642
402 3643
402 3644
402 3645
402 3646
402 3647
402 3648
402 3649
402 3650
403 3651
403 3652
403 3653
403 3654
403 3655
403 3656
403 3657
403 3658
403 3659
403 3660
404 3661
404 3662
404 3663
404 3664
404 3665
404 3666
404 3667
404 3668
404 3669
404 3670
405 3671
405 3672
405 3673
405 3674
405 3675
405 3676
405 3677
405 3678
405 3679
405 3680
406 590
406 3681
406 3682
406 3683
406 3684
406 3685
406 592
406 3686
406 3687
407 3688
407 3689
407 3690
407 3691
407 3692
407 3693
407 3694
407 3695
407 3696
407 3697
408 3698
408 3699
408 3700
408 3701
408 3702
408 3703
408 3704
408 3705
408 3706
408 3707
409 3708
409 3709
409 3710
409 3711
409 3712
409 3713
409 3714
409 3715
409 3716
409 3717
410 3718
410 3719
410 3720
410 3721
410 3722
410 3723
410 3724
410 3725
410 3726
411 3727
411 3728
411 3729
411 3730
411 3731
411 3732
411 3733
411 3734
411 3735
411 3736
412 3737
412 3738
412 3739
412 2814
412 3740
412 3741
412 3742
412 3743
412 3744
412 3745
413 3746
413 3747
413 3748
413 3749
413 3750
413 3751
413 3752
413 3753
413 3754
413 3755
414 1986
414 3756
414 843
414 3757
414 3758
414 3759
414 1160
414 3760
414 3761
414 3762
415 3763
415 3764
415 3765
415 3766
415 3767
415 3768
415 3769
415 3770
415 3771
415 3772
416 3773
416 3774
416 3775
416 3776
416 3777
416 3778
416 3779
416 3780
416 3781
416 3782
417 3783
417 3784
417 3785
417 3786
417 3787
417 3788
417 3789
417 3790
417 3791
417 3792
418 3793
418 3794
418 3795
418 1885
418 3796
418 3797
418 3798
418 3799
418 3800
418 3801
419 3802
419 3803
419 3804
419 3805
419 3806
419 3807
419 3808
419 3809
419 3810
419 3811
420 3812
420 3813
420 3814
420 3815
420 3816
420 3817
420 3818
420 3819
420 3820
420 3821
421 3822
421 3823
421 3824
421 612
421 3825
421 3826
421 3827
421 3828
421 3829
421 3830
422 3831
422 3832
422 3833
422 3834
422 3835
422 3836
422 3837
422 3838
422 3839
422 3840
423 3841
423 3842
423 3843
423 3844
423 3845
423 3846
423 3847
423 3848
423 3849
424 83
424 78
424 3850
424 2160
424 3851
424 3852
424 464
424 3853
424 3854
424 3855
425 3856
425 3857
425 3858
425 3859
425 3860
425 3861
425 3862
426 3863
426 3864
426 3865
426 3866
426 3867
426 3868
426 3869
426 3870
426 3871
426 3872
427 3873
427 3874
427 3875
427 3876
427 3877
427 3878
427 3879
427 3880
427 3881
427 3882
428 3883
428 3884
428 3885
428 3886
428 3887
428 3888
428 3889
428 3890
428 2456
428 3891
429 3892
429 3893
429 1078
429 10
429 1398
429 82
429 1401
429 1399
429 1402
429 78
430 3894
430 3895
430 3896
430 3897
430 3898
430 3899
430 3900
430 3901
430 3902
430 3903
431 3904
431 3905
431 3906
431 3907
431 3908
431 3909
431 3910
431 3911
431 3912
431 3913
432 3914
432 3915
432 3916
432 3917
432 3918
432 3919
432 647
432 3230
433 3920
433 115
433 3921
433 3922
433 3133
433 1353
433 3923
434 3924
434 1104
434 3925
434 3926
434 3927
434 286
434 3928
434 10
434 3929
434 3930
435 3931
435 3932
435 3933
435 3934
435 3935
435 3936
435 3937
435 3938
435 3939
435 3940
436 3941
436 3942
436 3943
436 3944
436 3945
436 3946
436 3947
436 3948
436 3949
436 3950
437 3951
437 3952
437 3953
437 3954
437 3955
437 3956
437 3957
437 3958
437 3959
437 3960
438 3961
438 3962
438 3963
438 3964
438 3965
438 3966
438 3967
438 3968
438 3969
438 3970
439 3971
439 3972
439 3973
439 3974
439 3975
439 3976
439 703
439 3977
439 3978
439 3862
440 3979
440 3980
440 3981
440 3982
440 3983
440 3984
440 3265
440 3985
440 3986
440 3987
441 3988
441 3989
441 3990
441 3991
441 3992
441 3993
441 3994
441 10
441 3995
441 3996
442 3997
442 3998
442 3999
442 4000
442 4001
442 4002
442 4003
442 4004
442 4005
442 10
443 1398
443 82
443 1401
443 1399
443 1402
443 78
443 4006
443 1400
443 83
443 2463
444 4007
444 4008
444 4009
444 4010
444 4011
444 4012
444 2890
444 4013
444 1400
444 4014
445 1075
445 4015
445 4016
445 4017
445 4018
445 3248
445 4019
445 4020
445 3925
445 118
446 4021
446 4022
446 4023
446 4024
446 4025
446 4026
446 1610
446 4027
446 1882
446 4028
447 4029
447 348
447 4030
447 4031
447 4032
447 4033
447 4034
447 4035
447 4036
447 4037
448 4038
448 4039
448 4040
448 4041
448 4042
448 4043
448 4044
448 4045
448 4046
448 4047
449 4048
449 4049
449 4050
449 4051
449 4052
449 4053
449 1470
449 4054
449 4055
450 4056
450 4057
450 4058
450 4059
450 4060
450 4061
450 4062
450 4063
450 4064
450 4065
451 4066
451 4067
451 4068
451 4069
451 4070
451 4071
451 4072
451 4073
451 4074
451 4075
452 4076
452 4077
452 4078
452 1470
452 4079
452 4080
452 4081
452 4082
452 4083
452 4084
453 4085
453 4086
453 4087
453 4088
453 4089
453 4090
453 4091
453 4092
453 4093
453 4094
454 4095
454 4096
454 4097
454 4098
454 4099
454 4100
454 4101
454 4102
454 4103
454 4104
455 4105
455 4106
455 4107
455 4108
455 4109
455 915
455 4110
455 4111
455 4112
455 4113
456 4114
456 4115
456 4116
456 4117
456 4118
456 4119
456 4120
456 4121
456 4122
456 4123
457 4124
457 4125
457 310
457 4126
457 4127
457 302
457 738
457 4128
457 4129
457 4130
458 4131
458 4132
458 4133
458 4134
458 4135
458 4136
458 4137
459 4138
459 4139
459 4140
459 4141
459 4142
459 4143
459 4144
459 4145
459 4146
459 4147
460 4148
460 4149
460 4150
460 4151
460 4152
460 4153
460 4154
460 4155
460 4156
460 4157
461 4158
461 4159
461 4160
461 1880
461 3253
461 4161
461 4162
461 937
461 4163
461 4164
462 4165
462 4166
462 4018
462 4167
462 116
462 1267
462 4168
462 1
462 4169
462 4170
463 4171
463 4172
463 4173
463 4174
463 4175
463 4176
463 4177
463 4178
463 4179
463 4180
464 4181
464 4182
464 4183
464 4184
464 4185
464 4186
464 4187
464 4188
464 4189
464 4190
465 4191
465 4192
465 4193
465 4194
465 4195
465 4196
465 4197
465 4198
465 4199
465 4200
466 4201
466 4202
466 4203
466 4204
466 4205
466 4206
466 4207
466 4208
466 4209
466 4210
467 4211
467 4212
467 4213
467 4214
467 4215
467 4216
467 4217
467 2775
467 4218
467 4219
468 4220
468 4221
468 4222
468 4223
468 4224
468 4225
468 4226
468 4227
468 4228
468 4229
469 4230
469 4231
469 4232
469 4233
469 4234
469 4235
469 4236
469 4237
469 4238
469 4239
470 4240
470 4241
470 4242
470 4243
470 4244
470 4245
470 3981
470 4246
470 4247
470 4248
471 4249
471 4250
471 4251
471 4252
471 4253
471 4254
471 4255
471 4256
471 4257
471 4258
472 4259
472 4260
472 4261
472 4262
472 4263
472 4264
472 4265
472 4266
472 4267
472 4268
473 4269
473 4270
473 4271
473 4272
473 4273
473 4274
473 4275
473 4276
473 4277
473 4278
474 4279
474 4280
474 4281
474 4282
474 4283
474 4284
474 4285
474 4286
474 4287
474 4288
475 4289
475 4290
475 4291
475 4292
475 4293
475 4294
475 4295
475 4296
475 4297
475 4298
476 4299
476 4300
476 4301
476 4302
476 4303
476 4304
476 4305
476 4306
476 4307
476 4308
477 4309
477 4310
477 4311
477 4312
477 4313
477 4314
477 4315
477 4316
477 4317
477 4318
478 4319
478 4320
478 4321
478 4322
478 4323
478 4324
478 4325
478 4326
478 4327
478 4328
479 4329
479 4330
479 4331
479 4332
479 4333
479 4334
479 4335
479 4336
479 4337
479 4338
480 4339
480 4340
480 4341
480 4342
480 4343
480 4344
480 4345
480 4346
480 4347
480 4348
481 4106
481 4349
481 2858
481 4350
481 4351
481 4352
481 2890
481 4353
482 4354
482 4355
482 4356
482 4357
482 4358
482 4359
482 4360
482 4361
482 4362
482 4363
483 4364
483 4365
483 4366
483 4367
483 4368
483 4369
483 4370
483 4371
483 4372
483 4373
484 4374
484 4375
484 4376
484 4377
484 4378
484 4379
484 4380
484 4381
484 4382
484 4383
485 4384
485 4385
485 4386
485 4387
485 4388
485 4389
485 4390
485 4391
485 4392
485 4393
486 3299
486 4394
486 4395
486 4396
486 4397
486 4398
486 4399
486 4400
486 4401
486 4402
487 4403
487 4404
487 4405
487 4406
487 4407
487 4408
487 4409
487 4410
487 4411
487 4412
488 4413
488 4414
488 4415
488 4416
488 4417
488 4418
488 4419
488 4420
488 4421
488 4422
489 4423
489 4424
489 4425
489 4426
489 4427
489 4428
489 4429
489 4430
489 4431
489 4432
490 4433
490 4434
490 4435
490 4436
490 4437
490 4438
490 974
490 4439
490 4440
490 4441
491 4442
491 4443
491 4444
491 4445
491 4446
491 4447
491 1279
491 4448
491 4449
491 4450
492 4451
492 4452
492 4453
492 4454
492 4455
492 4456
492 4457
492 4458
492 3982
492 4459
493 4460
493 4461
493 4462
493 4463
493 4464
493 4465
493 4466
493 4467
493 4468
493 4469
494 4470
494 4471
494 4472
494 4473
494 4474
494 4475
494 4476
494 4477
494 4478
494 4479
495 4480
495 4481
495 4482
495 4483
495 4484
495 4485
495 4486
495 4487
495 4488
495 4489
496 906
496 4490
496 4491
496 4492
496 4493
496 4494
496 4495
496 4496
496 4497
496 4498
497 4499
497 4500
497 4501
497 4502
497 4503
497 4504
497 4505
497 4506
497 4507
497 4508
498 4509
498 4510
498 4511
498 4512
498 1904
498 4513
498 4514
498 4515
498 4516
498 4517
